001000
1010
1000
1001
0010110
000
1010
101100
1001
001001
1111
1110
0110
1001
1000
0010101
0101
0011
1000
0110
1001
000
01111
0101
1001
0101
0010110
110
1110
0010100
0010100
101100
0110
001000
000
001001
0101
1001
000
001000
1010
110
000
1010
101100
1001
001001
1111
1110
0110
1001
1000
0010101
0101
0011
1000
0110
1001
000
01111
0101
1001
0101
0010110
110
1110
000
0011
0110
000
1010
101100
1001
001001
1111
1110
0110
1001
1000
0010101
110
000
101100
0110
001000
1110
000
0110
010000
010000
01110
1000
1001
110
000
1000
0011
110
01111
1010
000
0101
001000
0011
0110
01111
0101
0011
1000
001001
0101
01110
01110
101100
000
110
10111100
110
1110
101100
000
0011
1000
01111
110
000
101100
0110
001000
000
01110
0110
0010110
000
0110
1001
000
0011
0110
000
101100
0110
001000
1110
000
001001
0110
01111
101110
001000
0011
110
1110
000
0011
1111
1000
1010
000
110
1001
1010
001000
1110
110
1010
000
0011
1111
0101
0011
000
101100
0110
001000
000
1111
0101
10111100
110
000
0011
1111
110
000
01110
0101
0011
110
1010
0011
000
1000
1001
010000
0110
1110
01111
0101
0011
1000
0110
1001
000
010000
1110
0110
01111
000
101100
0110
001000
1110
000
1001
110
0011
010001
0110
1110
00101110
000
0110
1110
000
0011
1111
110
000
1000
1001
0011
110
1110
1001
110
0011
000
010001
1111
110
1001
000
101100
0110
001000
000
0101
1110
110
000
01001
1000
1010
001001
0110
1001
1001
110
001001
0011
110
01001
000
0101
1001
01001
000
010001
0110
1110
00101110
1000
1001
0010110
000
0110
010000
010000
01110
1000
1001
110
000
0010100
0010100
0110
010000
010000
01110
1000
1001
110
000
1000
0011
110
01111
1010
000
101100
0110
001000
000
001001
0101
1001
000
1010
101100
1001
001001
1111
1110
0110
1001
1000
0010101
110
000
1000
1001
001001
01110
001000
01001
110
000
010001
110
101101
000
101110
0101
0010110
110
1010
000
01111
1000
001001
1110
0110
1010
0110
010000
0011
000
1010
1011111
01110
000
000
01001
0101
0011
0101
101101
0101
1010
110
1010
000
0101
1001
01001
000
110
01111
0101
1000
01110
000
010000
0110
01110
01001
110
1110
1010
000
1000
010000
000
1010
001000
101110
101110
101110
0110
1110
0011
110
01001
000
101101
101100
000
101100
0110
001000
1110
000
110
01111
0101
1000
01110
000
101110
1110
0110
0010110
1110
0101
01111
000
1000
1001
000
0010110
110
1001
110
1110
0101
01110
000
101100
0110
001000
000
001001
0101
1001
000
1010
101100
1001
001001
1111
1110
0110
1001
1000
0010101
110
000
0101
1001
101100
000
0110
010000
010000
01110
1000
1001
110
000
1000
0011
110
01111
1010
000
001001
1110
110
0101
0011
110
01001
000
101101
101100
000
0101
000
101110
1110
0110
0010110
1110
0101
01111
000
0011
1111
0101
0011
000
1010
001000
101110
101110
0110
1110
0011
1010
000
1010
101100
1001
001001
1111
1110
0110
1001
1000
0010101
0101
0011
1000
0110
1001
000
01111
0101
1001
0101
0010110
110
1110
0010100
0010100
000
000
0011
0110
000
1010
0011
0101
1110
0011
000
1010
101100
1001
001001
1111
1110
0110
1001
1000
0010101
0101
0011
1000
0110
1001
000
01111
0101
1001
0101
0010110
110
1110
000
0010100
0010100
000
000
0011
0110
000
1010
0011
0101
1110
0011
000
1010
101100
1001
001001
1111
1110
0110
1001
1000
0010101
0101
0011
1000
0110
1001
000
01111
0101
1001
0101
0010110
110
1110
000
1111
110
01110
101110
000
0010100
0010100
1001
0110
0011
110
000
0010100
0010100
101100
0110
001000
000
001001
0101
1001
000
0101
01110
1010
0110
000
1010
0011
0101
1110
0011
000
1010
101100
1001
001001
1111
1110
0110
1001
1000
0010101
0101
0011
1000
0110
1001
000
01111
0101
1001
0101
0010110
110
1110
000
101101
101100
000
001001
01110
1000
001001
00101110
1000
1001
0010110
000
1010
0011
0101
1110
0011
000
101110
0110
1000
1001
0011
1000
1001
0010110
000
0011
0110
000
101110
1110
0110
0010110
1110
0101
01111
1010
000
101110
0110
1000
1001
0011
1000
1001
0010110
000
0011
0110
000
0101
001001
001001
110
1010
1010
0110
1110
1000
110
1010
000
0101
1001
01001
000
0011
1111
110
1001
000
001001
01110
1000
001001
00101110
1000
1001
0010110
000
1010
101100
1001
001001
1111
1110
0110
1001
1000
0010101
110
000
0010100
00101110
110
110
101110
1000
1001
0010110
000
010001
1000
1001
01001
0110
010001
1010
000
000
001000
101110
0011
0110
01001
0101
0011
110
0010100
0010100
010001
1000
1001
01001
0110
010001
1010
000
001000
101110
01001
0101
0011
110
000
1000
1010
000
0101
1001
000
0110
1001
01110
1000
1001
110
000
110
10111101
0011
110
1001
1010
1000
0110
1001
000
0110
010000
000
010001
1000
1001
01001
0110
010001
1010
000
000
0011
1111
0101
0011
000
1111
110
01110
101110
1010
000
101100
0110
001000
1110
000
001001
0110
01111
101110
001000
0011
110
1110
000
010001
0110
1110
00101110
000
0101
1001
01001
000
1110
001000
1001
000
101101
110
0011
0011
110
1110
000
010001
1000
1001
01001
0110
010001
1010
000
001000
101110
01001
0101
0011
110
000
101110
1110
0110
10111100
1000
01001
110
1010
000
0101
000
001001
110
1001
0011
1110
0101
01110
000
01110
0110
001001
0101
0011
1000
0110
1001
000
0011
0110
000
010000
1000
1001
01001
000
101110
1110
0110
01001
001000
001001
0011
000
110
1001
1111
0101
1001
001001
110
01111
110
1001
0011
1010
000
0101
1001
01001
000
1010
101110
110
001001
1000
010000
1000
001001
000
010000
1000
01110
110
1010
000
001001
001000
1010
0011
0110
01111
1000
0010101
110
01001
000
010000
0110
1110
000
101100
0110
001000
1110
000
001001
0110
01111
101110
001000
0011
110
1110
000
101110
1110
0110
01001
001000
001001
0011
000
110
1001
1111
0101
1001
001001
110
01111
110
1001
0011
1010
000
1000
1001
001001
01110
001000
01001
110
000
1010
110
1110
10111100
1000
001001
110
0010100
0010100
010001
1000
1001
01001
0110
010001
1010
000
001000
101110
01001
0101
0011
110
000
1000
1001
01001
1000
001001
0101
0011
110
1010
000
0011
1111
110
000
0101
101110
101110
1110
0110
10111101
1000
01111
0101
0011
110
000
01001
0110
010001
1001
01110
0110
0101
01001
000
0011
1000
01111
110
000
0101
1001
01001
000
010001
1111
110
0011
1111
110
1110
000
0101
1001
000
001000
101110
01001
0101
0011
110
000
1000
1010
000
0101
01110
1110
110
0101
01001
101100
000
1000
1001
1010
0011
0101
01110
01110
110
01001
000
0110
1001
000
101100
0110
001000
1110
000
001001
0110
01111
101110
001000
0011
110
1110
000
101100
0110
001000
000
001001
0101
1001
000
1010
110
01110
110
001001
0011
000
0110
1001
110
000
1000
0011
110
01111
000
0110
1110
000
01111
001000
01110
0011
1000
101110
01110
110
000
1000
0011
110
01111
1010
000
0011
0110
000
1000
1001
1010
0011
0101
01110
01110
000
0010100
0010100
0011
0110
000
0110
101110
110
1001
000
010001
1000
1001
01001
0110
010001
1010
000
001000
101110
01001
0101
0011
110
000
001001
01110
1000
001001
00101110
000
1010
0011
0101
1110
0011
000
0101
1001
01001
000
0011
1111
110
1001
000
001001
01110
1000
001001
00101110
000
010001
1000
1001
01001
0110
010001
1010
000
001000
101110
01001
0101
0011
110
0010100
0010100
1001
0110
0011
110
0010100
0010100
101100
0110
001000
000
001001
0101
1001
000
0101
01110
1010
0110
000
0110
101110
110
1001
000
010001
1000
1001
01001
0110
010001
1010
000
001000
101110
01001
0101
0011
110
000
101101
101100
000
001001
01110
1000
001001
00101110
1000
1001
0010110
000
1010
0011
0101
1110
0011
000
101110
0110
1000
1001
0011
1000
1001
0010110
000
0011
0110
000
1010
110
0011
0011
1000
1001
0010110
1010
000
0101
1001
01001
000
0011
1111
110
1001
000
001001
01110
1000
001001
00101110
1000
1001
0010110
000
010001
1000
1001
01001
0110
010001
1010
000
001000
101110
01001
0101
0011
110
000
0010100
0010100
